1978859706476089494
1978871201205289308
1978937839543873652
1978962063532695888
1978991079379615760
1979064867131662835
1979077486198616166
1979086077160812873
1979111708963582461
1979118419573194789
1979159424049578089
1979176856080253364
1979199987150893141
1979263276132307137
1979427955970375873
1979528089836147090
1979645139690676424
1979733064608866370
1979889830126579851
1979916946326864351
1979917010361344481
1979963775047409829
1980262005454885232
1980289264307880209
1980341127325839856
1980728886033019042
1980769991134704096
1981003572323160447
1981274142356762627
1981817772158886149
1982091423353585761
1982095296684326994
1982104862344052949
1982144543701995560
1983096843442573434
1983246943464677674
1983788343701000522
1984323691644178640
1984506642268840224
1984529828931125672
1984651877741412392
1984752323382612323
1984850031829283084
1984902885960728962
1984911409856319533
1985232634201481478
1985237848241684981
1985332368941498474
1985367103155683409
1985441020079948141
1985497612024176924
1985681828070723884
1985764794465399201
1985785555280331075
1985943831385346060
1986043630658769320
1986065260864995609
1986091617137164490
1986181845059575934
1986406595501195377
1986469927440486486
1986474842745635041
1986497859181814135
1986555223444504723
1986620086967542015
1986761386597228836
1986790331824685448
1986820301355614654
1986825477927907686
1986836637427663271
1986879809654288723
1987055081871610042
1987055976856654082
1987110129469145412
1987208257761685715
1987226261802856916
1987245555228287260
1987429199913607265
1987504216496304246
1987547476094755198
1987558834752405555
1987618256182784064
1987640701765521624
1987669476964225177
1987773938496426091
1987854017397964864
1987874131711504495
1987969925990752596
1987982133953261929
1988022220606898598
1988148913426112774
1988181225581015078
1988213967827644870
1988240679026184472
1988320052329017440
1988325534590509164
1988326612937625913
1988546057735713015
1988555065980760255
1988587739152003440
1988601531893997840
1988604316291096635
1988921351655043561
1988958117665624089
1988972639101112436
1988974083317354863
1989039901610811533
1989044714729771450
1989048610840076350
1989054040492085425
1989228034831053151
1989241120052637712
1989289703565111729
1989330643612827849
1989335362263535939
1989377618953560427
1989379501243945072
1989381014972457231
1989398536773935145
1989411044922724719
1989548235187191826
1989571378194903327
1989616815434047822
1989678197227794838
1989679715960197382
1989694425648246961
1989715331376435443
1989724521608483156
1989747292354580856
1989762806812398062
1989784558003523784
1989785661591736715
1989817241102164360
1989889622034297292
1989915787302506717
1990074995100287044
1990081273373565152
1990109758133534724
1990132598828335448
1990266674805653534
1990320845592649798
1990344891252027518
1990381435463557299
1990386494985416730
1990448007599526113
1990464726816415796
1990483401694974237
1990483818373877926
1990512229889028215
1990574134699454771
1990630935583187356
1990683872753823977
1990710618031063503
1990726874826178677
1990804468879757585
1990809278043636115
1990809372255986079
1990828604381364493
1990853104334512247
1990872663984926791
1991193017492050089
1991202169966719071
1991202231257841963
